027762240 034261318 038468413 042528969 043000153 044247694 044352513 046392186 046894659 054514446
056781280 059453580 061190228 061214384 064131897 073108763 073705871 074095877 076891030 079984922
081278149 081469218 081531621 081631632 081850994 082038256 082074570 082085190 082301352 082616294
084087688 084107852 090000045 091512257 091945444 092328464 092897949 094064277 094077783 094082768
094084100 094143557 094165156 094173365 094201960 094222211 094317955 094325365 094353573 094360202
094372526 094372643 094450902 094468339 094470175 094478843 094485190 094503727 094518894 094549011
095195091 095205574 095255031 095263565 095283423 095368916 095502140 095606230 095668396 098062736
099075858 099077030 099410002 099430615 099756050 099757704 099800077 099810593 099936189 100969506
103971869 103990141 111117721 113025508 117457610 136282859 137303058 137316275 143270771 144467958
152052335 154160932 160553873 161241525 185835788 300834864 800177956 800343951 800370260 800371126
800413355 800503270 800519082 800531071 800583381 800724110 800749270 800792191 800862498 800863970
801061750 801081225 801083476 801122586 801212868 801252805 801285222 801288979 801346570 801353419
801356157 801368482 801390570 801454704 801603787 801701105 801711111 801750911 801934540 802173965
802319172 802528326 802859858 803111788 803181404 996630858 996763330 996866969 997182625 997630440
997652142 997652180 997899507 997998626 998069190 998106085 998306126 998306925 998475585 998829122
998834168 998845331 998913530 999079170 999082935 999124156 999124758 999220168 999234634 999645171
999665692 999719428 999772541 999825563 999922850 999976598
